0400000000000000
04002b0000000000
00002b0000000000
0000000000000000
0000090000000000
0000000000000000
00000f0000000000
0000000000000000
0000040000000000
0000040a00000000
00000a0000000000
0000000000000000
0200000000000000
02002f0000000000
0200000000000000
0000000000000000
0200000000000000
0200060000000000
0200000000000000
0000000000000000
0000270000000000
0000000000000000
0000110000000000
0000000000000000
0200000000000000
02000a0000000000
0200000000000000
0000000000000000
0000150000000000
0000000000000000
0000040000000000
0000000000000000
0000170000000000
0000000000000000
0000180000000000
0000000000000000
0000390000000000
0000000000000000
00000f0000000000
0000000000000000
0000390000000000
0000000000000000
0000040000000000
0000000000000000
0000170000000000
0000000000000000
00000c0000000000
0000000000000000
0000120000000000
0000000000000000
0000110000000000
0000000000000000
00002a0000000000
0000000000000000
00002a0000000000
0000000000000000
0000270000000000
0000000000000000
0000110000000000
0000000000000000
0200000000000000
02002d0000000000
0200000000000000
0000000000000000
0000390000000000
0000000000000000
00001c0000000000
0000000000000000
0000390000000000
0000000000000000
00002d0000000000
0000000000000000
00002a0000000000
0000000000000000
0000270000000000
0000000000000000
0000180000000000
0000000000000000
0200000000000000
02002d0000000000
0200000000000000
0000000000000000
0200000000000000
02000e0000000000
0200000000000000
0000000000000000
0000110000000000
0000000000000000
0000270000000000
0000000000000000
00001a0000000000
0000000000000000
0200000000000000
02002d0000000000
0200000000000000
0000000000000000
0200000000000000
0200060000000000
0200000000000000
0000000000000000
0000040000000000
0000000000000000
0000130000000000
0000000000000000
0000160000000000
0000000000000000
0200000000000000
02000f0000000000
0200000000000000
0000000000000000
0000270000000000
0000000000000000
0200000000000000
0200060000000000
0200000000000000
0000000000000000
00002a0000000000
0000000000000000
0000060000000000
0000000000000000
00000e0000000000
0000000000000000
0200000000000000
0200300000000000
0200000000000000
0000000000000000
