0000390000000000
0000000000000000
00001c0000000000
0000000000000000
0000390000000000
0000000000000000
0000120000000000
0000000000000000
0000180000000000
0000000000000000
0000150000000000
0000000000000000
0000390000000000
0000000000000000
00002c0000000000
0000000000000000
0000090000000000
0000000000000000
0000390000000000
0000000000000000
00000f0000000000
0000000000000000
0000040000000000
0000000000000000
00000a0000000000
0000000000000000
00002c0000000000
0000000000000000
00000c0000000000
0000000000000000
0000160000000000
0000000000000000
00002c0000000000
0000000000000000
00002a0000000000
0000000000000000
00002a0000000000
0000000000000000
00002a0000000000
0000000000000000
00002a0000000000
0000000000000000
00002a0000000000
0000000000000000
00002a0000000000
0000000000000000
00002a0000000000
0000000000000000
00002a0000000000
0000000000000000
00002a0000000000
0000000000000000
00002a0000000000
0000000000000000
00002a0000000000
0000000000000000
00002a0000000000
0000000000000000
00002a0000000000
0000000000000000
0000390000000000
0000000000000000
00001c0000000000
0000000000000000
0000390000000000
0000000000000000
0000120000000000
0000000000000000
0000180000000000
0000000000000000
0000150000000000
0000000000000000
00002c0000000000
0000000000000000
00000e0000000000
0000000000000000
0000080000000000
0000000000000000
00001c0000000000
0000000000000000
00002c0000000000
0000000000000000
00000c0000000000
0000000000000000
0000160000000000
0000000000000000
00002c0000000000
0000000000000000
0000390000000000
0000000000000000
0000070000000000
0000000000000000
0000040000000000
0000000000000000
0000160000000000
0000000000000000
0000060000000000
0000000000000000
0000170000000000
0000000000000000
0000090000000000
0000000000000000
00000c0000000000
0000000000000000
0000160000000000
0000000000000000
00000c0000000000
0000000000000000
0000110000000000
0000000000000000
0000170000000000
0000000000000000
0000080000000000
0000000000000000
0000150000000000
0000000000000000
0000000000000000
0000160000000000
0000000000000000
0000170000000000
0000000000000000
00000c0000000000
0000000000000000
0000110000000000
0000000000000000
00000a0000000000
0000000000000000
00002a0000000000
0000000000000000
00002a0000000000
0000000000000000
00002a0000000000
0000000000000000
00002a0000000000
0000000000000000
00002a0000000000
0000000000000000
00002a0000000000
0000000000000000
00002a0000000000
0000000000000000
00002a0000000000
0000000000000000
00002a0000000000
0000000000000000
00002a0000000000
0000000000000000
00002a0000000000
0000000000000000
00002a0000000000
0000000000000000
00002a0000000000
0000000000000000
00002a0000000000
0000000000000000
00002a0000000000
0000000000000000
00002a0000000000
0000000000000000
00002a0000000000
0000000000000000
00002a0000000000
0000000000000000
00002a0000000000
0000000000000000
00002a0000000000
0000000000000000
00002a0000000000
0000000000000000
00002a0000000000
0000000000000000
00002a0000000000
0000000000000000
00002a0000000000
0000000000000000
00002a0000000000
0000000000000000
00002a0000000000
0000000000000000
00002a0000000000
0000000000000000
00002a0000000000
0000000000000000
00002a0000000000
0000000000000000
00002a0000000000
0000000000000000
00002a0000000000
0000000000000000
00001c0000000000
0000000000000000
0000120000000000
0000000000000000
0000180000000000
0000000000000000
0000150000000000
0000000000000000
00002c0000000000
0000000000000000
0000090000000000
0000000000000000
00000f0000000000
0000000000000000
0000040000000000
0000000000000000
00000a0000000000
0000000000000000
00002c0000000000
0000000000000000
00000c0000000000
0000000000000000
0000160000000000
0000000000000000
00002c0000000000
0000000000000000
00000a0000000000
0000000000000000
0000040000000000
0000000000000000
00000e0000000000
0000000000000000
0000080000000000
0000000000000000
0000100000000000
0000000000000000
00000e0000000000
0000000000000000
2000000000000000
20002f0000000000
0000000000000000
0000390000000000
0000000000000000
00000a0000000000
0000000000000000
0000270000000000
0000000000000000
0000100000000000
0000000000000000
2000000000000000
20002d0000000000
0000000000000000
0000110000000000
0000000000000000
00001e0000000000
0000000000000000
0000040000000000
0000000000000000
00001a0000000000
0000000000000000
2000000000000000
20002d0000000000
0000000000000000
0000390000000000
0000000000000000
00001b0000000000
0000000000000000
0000390000000000
0000000000000000
00001c0000000000
0000000000000000
00001a0000000000
0000000000000000
2000000000000000
20002d0000000000
2000000000000000
0000000000000000
0000390000000000
0000000000000000
00000a0000000000
0000000000000000
0000390000000000
0000000000000000
0000140000000000
0000000000000000
0000130000000000
0000000000000000
0000390000000000
0000000000000000
00000e0000000000
0000000000000000
0000390000000000
0000000000000000
0000390000000000
0000000000000000
2000000000000000
20002d0000000000
2000000000000000
0000000000000000
00000c0000000000
0000000000000000
00001e0000000000
0000000000000000
0000270000000000
0000000000000000
0000270000000000
0000000000000000
00002a0000000000
0000000000000000
00002a0000000000
0000000000000000
00002a0000000000
0000000000000000
00002a0000000000
0000000000000000
0000390000000000
0000000000000000
00000c0000000000
0000000000000000
00001e0000000000
0000000000000000
0000270000000000
0000000000000000
0000270000000000
0000000000000000
00002a0000000000
0000000000000000
00002a0000000000
0000000000000000
0000120000000000
0000000000000000
0000120000000000
0000000000000000
2000000000000000
20001e0000000000
0000000000000000
2000000000000000
2000300000000000
0000000000000000
